;
; 記述ルール
;
; コメントは行頭に ';' です。
; '#' で始まる行はパラメータの塊がここから始まるという目印になっています。
;
; 行頭で改行されている場合は無視しますが、
; キャラクタの状態はパラメータの途中にコメントだけの行を入れないで下さい。
;



;
; パーティの並び（７人）を記述します
; いない状態は０を入れておいてください
;
#ORDER
1,2,0,0,0,0,0
;1,2,0,0,0,0,0



;
; キャラクタの状態を記述します
; カンマで区切って指定個数だけDBのIDを並べてください
;
;----------------------------------------------------------------
; SION
;----------------------------------------------------------------
#1
1				; レベル
1,0,0,0,0,0,0,0,0,0,0	; 所持エーテル		0
0,0,0,0,0,0,0,0			; 所持スキル		0
1,0,0,0,0,0,0,0		; 所持必殺技		0
0,0,0				; 装備スキル		0
0,0,0,0,1,0			; 装備必殺技		6
1				; 装備武器		1
2,0,0				; 装備防具		3


;----------------------------------------------------------------
; KOS-MOS
;----------------------------------------------------------------
#2
2				; レベル
1,0,0,0,0,0,0,0,0,0,0	; 所持エーテル		11
0,0,0,0,0,0,0,0			; 所持スキル		8
1,11,0,0,0,0,0,0		; 所持必殺技		8
0,0,0				; 装備スキル		3
0,0,11,11,1,11			; 装備必殺技		6
11				; 装備武器		1
0,0,0				; 装備防具		3



;----------------------------------------------------------------
; ケイオス
;----------------------------------------------------------------
#3
1				; レベル
1,0,0,0,0,0,0,0,0,0,0	; 所持エーテル		11
0,0,0,0,0,0,0,0			; 所持スキル		8
1,0,0,0,0,0,0,0		; 所持必殺技		8
0,0,0				; 装備スキル		3
0,0,1,1,0,1			; 装備必殺技		6
21				; 装備武器		1
3,0,0				; 装備防具		3



;----------------------------------------------------------------
; モモ
;----------------------------------------------------------------
#4
1				; レベル
1,0,0,0,0,0,0,0,0,0,0	; 所持エーテル		11
0,0,0,0,0,0,0,0			; 所持スキル		8
1,0,0,0,0,0,0,0		; 所持必殺技		8
0,0,0				; 装備スキル		3
0,0,0,0,1,0			; 装備必殺技		6
31				; 装備武器		1
3,1,0				; 装備防具		3



;----------------------------------------------------------------
; ジギー
;----------------------------------------------------------------
#5
1				; レベル
1,0,0,0,0,0,0,0,0,0,0	; 所持エーテル		11
0,0,0,0,0,0,0,0			; 所持スキル		8
1,0,0,0,0,0,0,0		; 所持必殺技		8
0,0,0				; 装備スキル		3
0,0,1,1,0,1			; 装備必殺技		6
41				; 装備武器		1
21,0,0				; 装備防具		3



;----------------------------------------------------------------
; Jr.
;----------------------------------------------------------------
#6
1				; レベル
1,0,0,0,0,0,0,0,0,0,0	; 所持エーテル		11
0,0,0,0,0,0,0,0			; 所持スキル		8
1,0,0,0,0,0,0,0		; 所持必殺技		8
0,0,0				; 装備スキル		3
0,0,1,1,0,1			; 装備必殺技		6
51				; 装備武器		1
18,19,0				; 装備防具		3



;----------------------------------------------------------------
; ジン
;----------------------------------------------------------------
#7
1				; レベル
1,0,0,0,0,0,0,0,0,0,0	; 所持エーテル		11
0,0,0,0,0,0,0,0			; 所持スキル		8
1,0,0,0,0,0,0,0		; 所持必殺技		8
0,0,0				; 装備スキル		3
0,0,1,1,0,1			; 装備必殺技		6
61				; 装備武器		1
7,0,0				; 装備防具		3



;----------------------------------------------------------------
; バージル
; こいつは何も持たせてはいけない
;----------------------------------------------------------------
#12
11				; レベル
0,0,0,0,0,0,0,0,0,0,0,		; 所持エーテル		11
0,0,0,0,0,0,0,0			; 所持スキル		8
0,0,0,0,0,0,0,0			; 所持必殺技		8
0,0,0				; 装備スキル		3
0,0,0,0,0,0			; 装備必殺技		6
0				; 装備武器		1
0,0,0				; 装備防具		3

;----------------------------------------------------------------
; アレックス
; こいつは何も持たせてはいけない
;----------------------------------------------------------------
#14
1				; レベル
0,0,0,0,0,0,0,0,0,0,0,		; 所持エーテル		11
0,0,0,0,0,0,0,0			; 所持スキル		8
0,0,0,0,0,0,0,0			; 所持必殺技		8
0,0,0				; 装備スキル		3
0,0,0,0,0,0			; 装備必殺技		6
0				; 装備武器		1
0,0,0				; 装備防具		3



;----------------------------------------------------------------
; ES
;----------------------------------------------------------------
;
; ESの並び順です
; いない場合は０です
;
#ESORDER
0,0,0
;0,0,0

;
; ES一体の指定です
; #ESx の x の部分がES-IDで、
; その下の行が 武器、防具、パイロットになるキャラID２個です（メイン、サブの順）

;----------------------------------------------------------------
;アシェル
;----------------------------------------------------------------
#ES1
1
1
1,2

;----------------------------------------------------------------
;ゼブルン
;----------------------------------------------------------------
#ES2
11
4
3,4

;----------------------------------------------------------------
;ディナ
;----------------------------------------------------------------
#ES3
21
1
5,6
