;
; 記述ルール
;
; コメントは行頭に ';' です。
; '#' で始まる行はパラメータの塊がここから始まるという目印になっています。
;
; 行頭で改行されている場合は無視しますが、
; キャラクタの状態はパラメータの途中にコメントだけの行を入れないで下さい。
;



;
; パーティの並び（７人）を記述します
; いない状態は０を入れておいてください
;
#ORDER
1,2,3,4,5,6,7



;
; キャラクタの状態を記述します
; カンマで区切って指定個数だけDBのIDを並べてください
;
;----------------------------------------------------------------
; SION
;----------------------------------------------------------------
#1
5				; レベル
1,11,21,31,41,51,0,0,0,0,0	; 所持エーテル		11
1,2,3,0,0,0,0,0			; 所持スキル		8
1,11,21,0,0,0,0,0		; 所持必殺技		8
18,2,3				; 装備スキル		3
0,0,1,11,21,0			; 装備必殺技		6
1				; 装備武器		1
1,61,0				; 装備防具		3


;----------------------------------------------------------------
; KOS-MOS
;----------------------------------------------------------------
#2
5				; レベル
1,11,21,31,41,51,0,0,0,0,0	; 所持エーテル		11
1,2,3,0,0,0,0,0			; 所持スキル		8
1,11,21,0,0,0,0,0		; 所持必殺技		8
1,2,3				; 装備スキル		3
0,0,1,11,21,0			; 装備必殺技		6
1				; 装備武器		1
1,0,0				; 装備防具		3


;----------------------------------------------------------------
;
;----------------------------------------------------------------
#3
6				; レベル
1,11,21,31,41,51,0,0,0,0,0	; 所持エーテル		11
1,2,3,0,0,0,0,0			; 所持スキル		8
1,11,21,0,0,0,0,0		; 所持必殺技		8
1,2,3				; 装備スキル		3
0,0,1,11,21,0			; 装備必殺技		6
1				; 装備武器		1
1,0,0				; 装備防具		3


;----------------------------------------------------------------
;
;----------------------------------------------------------------
#4
6				; レベル
1,11,21,31,41,51,0,0,0,0,0	; 所持エーテル		11
1,2,3,0,0,0,0,0			; 所持スキル		8
1,11,21,0,0,0,0,0		; 所持必殺技		8
1,2,3				; 装備スキル		3
0,0,1,11,21,0			; 装備必殺技		6
1				; 装備武器		1
1,0,0				; 装備防具		3


;----------------------------------------------------------------
;
;----------------------------------------------------------------
#5
12				; レベル
1,11,21,31,41,51,0,0,0,0,0	; 所持エーテル		11
1,2,3,0,0,0,0,0			; 所持スキル		8
1,11,21,0,0,0,0,0		; 所持必殺技		8
1,2,3				; 装備スキル		3
0,0,1,11,21,0			; 装備必殺技		6
1				; 装備武器		1
1,0,0				; 装備防具		3


;----------------------------------------------------------------
;
;----------------------------------------------------------------
#6
12				; レベル
1,11,21,31,41,51,0,0,0,0,0	; 所持エーテル		11
1,2,3,0,0,0,0,0			; 所持スキル		8
1,11,21,0,0,0,0,0		; 所持必殺技		8
1,2,3				; 装備スキル		3
0,0,1,11,21,0			; 装備必殺技		6
1				; 装備武器		1
1,0,0				; 装備防具		3


;----------------------------------------------------------------
;
;----------------------------------------------------------------
#7
12				; レベル
1,11,21,31,41,51,0,0,0,0,0	; 所持エーテル		11
1,2,3,0,0,0,0,0			; 所持スキル		8
1,11,21,0,0,0,0,0		; 所持必殺技		8
1,2,3				; 装備スキル		3
0,0,1,11,21,0			; 装備必殺技		6
1				; 装備武器		1
1,0,0				; 装備防具		3





;----------------------------------------------------------------
; ES
;----------------------------------------------------------------
;
; ESの並び順です
; いない場合は０です
;
#ESORDER
1,2,3

;
; ES一体の指定です
; #ESx の x の部分がES-IDで、
; その下の行が 武器、防具、パイロットになるキャラID２個です（メイン、サブの順）
;
#ES1
1
1
1,2

#ES2
1
1
3,4

#ES3
1
1
5,6
